     0.657      0.718      0.717      0.352     0.0506    0.00481          0     0.0116      0.953    0.00045     0.0535      0.493       1.19      0.567       1.04        0.2       5.57          0     0.0138      0.677      0.334          0          0       0.07       3.71          0          0      0.576          0      0.981
     0.614      0.732      0.722       0.35     0.0469    0.00541          0     0.0109       0.98    0.00036     0.0493       0.66       1.37      0.786      0.762        0.2       5.51          0     0.0177      0.666      0.348          0          0     0.0814       3.11          0          0      0.482          0      0.936
     0.602      0.728      0.717       0.35     0.0455    0.00445          0     0.0101      0.978    0.00034     0.0493       0.66       1.34      0.733      0.721        0.2        5.4          0     0.0163      0.681      0.397          0          0      0.079       3.44          0          0      0.482          0      0.987
     0.686      0.731      0.721      0.347     0.0453    0.00523          0     0.0109       0.98    0.00036     0.0493      0.661       1.37      0.785      0.762        0.2       5.49          0     0.0177      0.664      0.347          0          0     0.0814       3.11          0          0      0.483          0      0.936
     0.477      0.724      0.709      0.348     0.0493    0.00549          0     0.0106      0.953     0.0005     0.0526      0.487        1.3      0.607          1        0.2       5.37          0     0.0152      0.653      0.372          0          0     0.0714       3.32          0          0      0.545          0      0.941
     0.785      0.717      0.712      0.347     0.0457    0.00522          0     0.0108      0.978    0.00038     0.0489      0.681       1.46      0.771      0.762        0.2       5.58          0      0.018       0.65      0.386          0          0     0.0852       3.21          0          0      0.457          0      0.943
     0.678       0.72      0.712      0.346     0.0456    0.00448          0     0.0127       0.98    0.00035     0.0493       0.63        1.4      0.714      0.724        0.2       5.51          0     0.0184      0.721      0.353          0          0     0.0992       2.94          0          0      0.517          0          1
     0.716       0.73       0.72      0.345     0.0471    0.00509          0     0.0109       0.98    0.00036     0.0496       0.66       1.37      0.786      0.762        0.2       5.48          0     0.0178      0.665      0.348          0          0     0.0815       3.11          0          0      0.482          0      0.939
     0.645      0.726      0.721      0.343     0.0462    0.00495          0     0.0108       0.98    0.00036     0.0492       0.66       1.38      0.768      0.767        0.2       5.43          0     0.0172      0.666      0.347          0          0     0.0806       3.09          0          0       0.49          0      0.938
      0.63      0.728      0.712      0.344     0.0535    0.00506          0    0.00899      0.976    0.00034     0.0584      0.681       1.24      0.733      0.769        0.2        5.4          0     0.0175      0.744      0.297          0          0     0.0944       3.44          0          0      0.661          0          1
     0.723      0.726      0.717      0.343     0.0452    0.00521          0    0.00959       0.95    0.00052     0.0493       0.64       1.06      0.707      0.929        0.2       5.23          0     0.0186      0.659      0.319          0          0     0.0912       4.13          0          0      0.545          0      0.989
     0.505      0.725      0.704      0.343      0.048    0.00509          0    0.00862      0.958    0.00053     0.0517       0.64      0.886      0.678      0.873        0.2       5.09          0     0.0173      0.728      0.344          0          0     0.0759       2.98          0          0      0.545          0      0.916
     0.706      0.709      0.704      0.343     0.0451    0.00558          0    0.00891       0.95    0.00045     0.0505      0.691       1.35       0.72      0.964        0.2       5.06          0     0.0204      0.617      0.372          0          0     0.0853       3.68          0          0      0.494          0      0.971
     0.707      0.726      0.714      0.341     0.0454    0.00503          0     0.0107       0.98    0.00036     0.0486       0.66       1.37      0.786      0.707        0.2       5.51          0     0.0177      0.738      0.318          0          0     0.0865       3.52          0          0      0.469          0      0.826
     0.647      0.714      0.704       0.34     0.0502    0.00479          0     0.0115      0.953    0.00046     0.0535      0.493       1.16      0.574       1.03        0.2       5.42          0     0.0138      0.687      0.334          0          0     0.0718       3.72          0          0      0.563       0.01      0.957
     0.648      0.731      0.721      0.338     0.0426    0.00425          0    0.00994      0.979    0.00033      0.047      0.708       1.36      0.716      0.727        0.2       5.27          0     0.0165      0.652      0.408          0          0     0.0814       3.31          0          0      0.435          0          1
     0.473      0.718       0.69      0.341      0.049     0.0053          0     0.0109       0.98    0.00036     0.0493      0.661       1.37      0.788      0.764        0.2        5.5          0     0.0177      0.665      0.347          0          0     0.0811       3.11          0          0      0.481          0      0.933
      0.62      0.729      0.701      0.339     0.0459    0.00427          0      0.011       0.98    0.00034     0.0481      0.688       1.34      0.689      0.686        0.2       5.68          0     0.0163      0.723      0.435          0          0     0.0838       2.92          0          0      0.453          0          1
     0.425      0.729      0.709      0.338     0.0456    0.00656          0      0.011      0.946    0.00044     0.0484      0.493       1.19      0.668       1.19        0.2       5.98          0      0.015      0.653      0.363          0          0     0.0756       4.01          0          0      0.601          0        0.9
       0.7      0.723      0.714      0.337     0.0449    0.00534          0      0.011      0.977    0.00036      0.049      0.686       1.38      0.786      0.773        0.2       5.44          0      0.019      0.649      0.339          0          0     0.0794       3.18          0          0      0.479          0      0.942
     0.621      0.701      0.697      0.338     0.0537    0.00528          0     0.0103      0.956     0.0005     0.0569      0.468       1.34      0.596          1        0.2       5.37          0     0.0153      0.622      0.359          0          0     0.0692       3.32          0          0      0.549          0      0.883
      0.61      0.724      0.712      0.336     0.0464    0.00571          0    0.00913      0.945     0.0005     0.0486       0.64       1.09      0.811      0.929        0.2       5.17          0     0.0174      0.658      0.324          0          0     0.0909        3.9          0          0      0.545          0          1
     0.622       0.71      0.707      0.336     0.0462    0.00476          0       0.01      0.977    0.00034     0.0489      0.663       1.34      0.732      0.725        0.2       5.37          0     0.0162      0.688      0.398          0          0     0.0783       3.44          0          0      0.483          0      0.978
     0.678      0.712      0.703      0.336     0.0411    0.00397          0     0.0147       0.96    0.00036     0.0459      0.603       1.27      0.598      0.768        0.2       4.91          0     0.0153      0.389      0.391          0          0     0.0872       2.85          0          0      0.356          0       0.97
     0.641      0.713      0.701      0.334      0.051    0.00516          0    0.00942      0.978    0.00038     0.0534      0.551        1.3      0.735      0.792        0.2        5.8          0     0.0186      0.652      0.395          0          0     0.0724       3.44          0          0      0.483          0          1
     0.502       0.73       0.71      0.333     0.0487    0.00526          0     0.0117      0.962    0.00056     0.0515      0.465       1.18      0.607       1.07        0.2        5.4          0     0.0149      0.704      0.344          0          0     0.0646        3.6          0          0      0.578          0       0.84
     0.113      0.718      0.673      0.337     0.0484    0.00432          0     0.0101      0.942    0.00051     0.0536      0.355       1.42      0.448       1.08        0.2       5.41          0     0.0143      0.475      0.395          0          0     0.0712       2.95          0          0      0.424          0          1
      0.71      0.717      0.704      0.332     0.0519    0.00559          0     0.0128       0.98    0.00035     0.0556      0.697       1.41      0.855      0.762        0.2       5.22          0     0.0137      0.707      0.348          0          0     0.0894       2.83          0          0      0.566          0          1
     0.824       0.72      0.716      0.329     0.0346    0.00666          0    0.00922      0.931    0.00042     0.0393      0.366      0.994       1.03      0.886        0.2       4.41          0     0.0199      0.642      0.401          0          0      0.118       4.65          0          0      0.345          0          1
     0.729       0.73      0.712      0.329      0.037    0.00585          0     0.0113      0.947     0.0005     0.0438      0.491      0.949      0.935      0.968        0.2       4.03          0     0.0157      0.713       0.34          0          0     0.0906       4.54          0          0      0.434          0          1
     0.652      0.726      0.708      0.329       0.04    0.00648          0     0.0101      0.942     0.0005     0.0473      0.531          1      0.931          1        0.2       4.31          0     0.0148      0.643      0.324          0          0     0.0855        5.2          0          0      0.444          0          1
     0.596      0.712      0.704      0.329     0.0486    0.00502          0    0.00857      0.961    0.00054     0.0513      0.648       0.89      0.681      0.876        0.2       5.08          0     0.0174      0.714      0.342          0          0     0.0757       2.92          0          0      0.558          0      0.945
     0.633      0.701      0.692      0.328     0.0443    0.00535          0     0.0106       0.98    0.00036     0.0458       0.69       1.37       0.79      0.741        0.2       5.67          0     0.0179      0.649      0.348          0          0     0.0806       3.08          0          0      0.478          0      0.934
      0.53      0.718        0.7      0.327     0.0507    0.00513          0     0.0116      0.953    0.00045     0.0537      0.492       1.19      0.562       1.05        0.2        5.7          0      0.014      0.672      0.332          0          0     0.0706       3.67          0          0      0.574          0      0.975
     0.648      0.718      0.699      0.327      0.047    0.00504          0     0.0111      0.974    0.00037     0.0493      0.643       1.37       0.78      0.762        0.2       5.78          0     0.0177      0.666      0.363          0          0     0.0814       3.09          0          0      0.454          0       0.94
     0.549      0.718      0.704      0.326     0.0367    0.00394          0     0.0106      0.956     0.0005     0.0398      0.423      0.828      0.464       1.03        0.2       5.13          0     0.0132      0.652      0.276          0          0     0.0585       3.26          0          0      0.463          0      0.764
     0.468       0.71      0.686      0.328     0.0498    0.00508          0     0.0118      0.955    0.00049     0.0525      0.493       1.28      0.567       1.04        0.2        5.3          0     0.0141      0.667      0.333          0          0     0.0679       3.82          0          0      0.517          0       0.99
     0.688      0.714      0.706      0.325     0.0392    0.00766          0     0.0126       0.91    0.00051     0.0448      0.591       1.03       1.18      0.885        0.2       4.32          0     0.0167        0.7      0.468          0          0     0.0883       5.76          0          0      0.565          0      0.993
     0.698      0.717      0.704      0.325     0.0465    0.00459          0     0.0101      0.978    0.00034     0.0493       0.66       1.34      0.733      0.721        0.2        5.4          0     0.0163      0.681      0.397          0          0      0.079       3.44          0          0      0.482          0      0.987
     0.636      0.695      0.684      0.325     0.0517    0.00467          0     0.0117      0.943    0.00048     0.0533       0.48       1.07       0.52       1.03        0.2       5.51          0     0.0142      0.677      0.342          0          0     0.0779       3.71          0          0      0.651          0          1
     0.719      0.688      0.684      0.323     0.0422    0.00508          0    0.00971       0.98    0.00034     0.0577      0.617        1.4      0.859      0.883        0.2       3.59          0     0.0199      0.438      0.419          0          0     0.0505       3.48          0          0      0.268          0          1
     0.675      0.716      0.699       0.32      0.034    0.00811          0    0.00958      0.941    0.00046      0.037       0.37       1.02       1.07      0.965        0.2       4.84          0     0.0199      0.732      0.375          0          0      0.115       4.82          0          0       0.33          0          1
     0.783      0.697      0.686      0.321     0.0456    0.00455          0       0.01      0.979    0.00035     0.0474       0.65       1.34      0.708      0.722        0.2       5.35          0      0.016      0.681      0.411          0          0     0.0772       3.49          0          0      0.472          0      0.987
     0.511      0.701      0.689       0.32     0.0471     0.0052          0       0.01      0.945    0.00045      0.052      0.487       1.26       0.64      0.993        0.2       4.54          0     0.0148       0.64      0.349          0          0     0.0741       3.32          0          0       0.47          0      0.941
     0.496      0.703      0.682      0.319     0.0497    0.00506          0     0.0118      0.947    0.00045     0.0535      0.509       1.19      0.555       1.09        0.2       5.39          0     0.0132      0.733      0.326          0          0     0.0744       4.07          0          0      0.608          0      0.948
     0.667      0.725      0.715      0.315     0.0421    0.00801          0    0.00899      0.934     0.0005     0.0473       0.43       1.13       1.04       1.12        0.2       4.31          0     0.0198      0.643      0.382          0          0     0.0614       7.88          0          0      0.503          0          1
      0.58      0.706      0.688      0.317     0.0443    0.00552          0    0.00887      0.957    0.00051     0.0482      0.606       1.22      0.677      0.946        0.2       4.84          0     0.0205       0.63       0.32          0          0     0.0751       4.12          0          0      0.545          0      0.927
     0.723      0.693      0.692      0.315     0.0403    0.00679          0    0.00939      0.927    0.00055     0.0478      0.402      0.969       1.12      0.845        0.2       4.08          0     0.0177      0.642      0.425          0          0      0.102       5.41          0          0      0.441          0          1
     0.493      0.708      0.687      0.311     0.0444    0.00319          0     0.0112      0.967    0.00042     0.0475      0.501      0.829      0.346       1.09        0.2       4.91          0     0.0127      0.823      0.303          0          0     0.0683       3.34          0          0      0.714          0       0.73
     0.558      0.704      0.683       0.31      0.051    0.00535          0     0.0109      0.953    0.00045     0.0529      0.493        1.1      0.541       1.11        0.2       5.98          0     0.0122      0.697      0.334          0          0     0.0535       3.67          0          0      0.513          0      0.845
     0.407      0.715      0.539      0.243     0.0493    0.00543          0    0.00749      0.958    0.00039     0.0513      0.649      0.771      0.678      0.952        0.2       5.26          0     0.0142      0.769       0.33          0          0     0.0751       3.32          0          0      0.736          0      0.943
    0.0385      0.706     0.0277     0.0122     0.0534     0.0771          0     0.0106      0.954    0.00049     0.0576      0.475       1.14      0.504       1.04        0.2       5.08          0     0.0131      0.631      0.321          0          0     0.0766       3.22          0          0      0.582          0      0.932
